Matrix titik :
107211723967968740000000.0000000	54980371265625000000.0000000	28195062187500000.0000000	14459006250000.0000000	7414875000.0000000	3802500.0000000	1950.0000000	1.0000000	33525.0000000
109150902790516550000000.0000000	55831663831466260000.0000000	28558395821721876.0000000	14607875100625.0000000	7472058875.0000000	3822025.0000000	1955.0000000	1.0000000	46519.0000000
111120068255580170000000.0000000	56693912375296000000.0000000	28925465497600000.0000000	14757890560000.0000000	7529536000.0000000	3841600.0000000	1960.0000000	1.0000000	53941.0000000
113119605788833870000000.0000000	57567229409075765000.0000000	29296299953728124.0000000	14909058500625.0000000	7587307125.0000000	3861225.0000000	1965.0000000	1.0000000	72319.0000000
113523192139079110000000.0000000	57743230996479710000.0000000	29370921157924576.0000000	14939430904336.0000000	7598896696.0000000	3865156.0000000	1966.0000000	1.0000000	75160.0000000
113928012068544920000000.0000000	57919680766926750000.0000000	29445694340074608.0000000	14969849689921.0000000	7610498063.0000000	3869089.0000000	1967.0000000	1.0000000	76160.0000000
114334068717705740000000.0000000	58096579632980560000.0000000	29520619732205568.0000000	15000314904576.0000000	7622111232.0000000	3873024.0000000	1968.0000000	1.0000000	84690.0000000
114741365233428840000000.0000000	58273928508597690000.0000000	29595697566580848.0000000	15030826595521.0000000	7633736209.0000000	3876961.0000000	1969.0000000	1.0000000	90866.0000000
Solusi :
f(x)=0.00x^7 -0.06x^6 +47.89x^5 +775650.56x^4 -3345202386.34x^3 +6077723570873.72x^2 -5369827606739931.00x +1894849564126757630.00
f(1969.00)=88832.000000

